Switch,Offload Size,Batch Size,Is Predict,In Order,Top N,Schedule Size,Seed,Max New Tokens,Num Batches,Elapsed Time,Forward Computation Time,GPU Mem(GB)
Switch,Offload Size,Batch Size,Is Predict,In Order,Top N,Schedule Size,Seed,Max New Tokens,Num Batches,Elapsed Time,Forward Computation Time,GPU Mem(GB)
switch-32,16,4,true,false,1,8,1234,16,20,35489.31640625,,2.30078125
switch-32,16,8,true,false,1,16,1234,16,20,42124.0,,2.369140625
Switch,Offload Size,Batch Size,Is Predict,In Order,Top N,Schedule Size,Seed,Max New Tokens,Num Batches,Elapsed Time,Forward Computation Time,GPU Mem(GB)
switch-32,16,4,true,false,1,8,1234,16,20,33035.8671875,23282.26327896118,2.30078125
switch-32,16,8,true,false,1,16,1234,16,20,39211.94921875,27842.822313308716,2.369140625
switch-32,16,16,true,false,1,32,1234,16,20,51807.44140625,38623.737812042236,2.615234375
switch-32,16,32,true,false,1,64,1234,16,20,64059.98046875,50954.654932022095,3.283203125
switch-32,24,4,true,false,1,8,1234,16,20,34975.015625,26164.196014404297,1.421875
switch-32,24,8,true,false,1,16,1234,16,20,43121.6640625,30131.672382354736,1.490234375
switch-32,24,16,true,false,1,32,1234,16,20,54066.984375,42119.566202163696,1.71875
switch-32,24,32,true,false,1,64,1234,16,20,65353.4921875,52417.12737083435,2.39453125
switch-32,28,4,true,false,1,8,1234,16,20,34474.73046875,24284.825563430786,0.974609375
switch-32,28,8,true,false,1,16,1234,16,20,43042.54296875,32729.78663444519,1.0625
switch-32,28,16,true,false,1,32,1234,16,20,54271.50390625,41387.803077697754,1.291015625
switch-32,28,32,true,false,1,64,1234,16,20,65979.2109375,51738.887310028076,1.955078125
Switch,Offload Size,Batch Size,Is Predict,In Order,Top N,Schedule Size,Seed,Max New Tokens,Num Batches,Elapsed Time,Forward Computation Time,GPU Mem(GB)
switch-64,32,8,true,false,1,16,1234,16,20,39511.03125,28861.88840866089,4.20703125
switch-64,32,16,true,false,1,32,1234,16,20,51350.21875,39684.894323349,4.33984375
switch-64,32,32,true,false,1,64,1234,16,20,70399.4921875,56874.9303817749,5.1484375
Switch,Offload Size,Batch Size,Is Predict,In Order,Top N,Schedule Size,Seed,Max New Tokens,Num Batches,Elapsed Time,Forward Computation Time,GPU Mem(GB)
switch-32,16,4,true,false,1,8,1234,16,10,14494.298828125,11351.956129074097,2.287109375
switch-32,16,8,true,false,1,16,1234,16,10,19966.189453125,15669.434785842896,2.369140625
switch-32,16,16,true,false,1,32,1234,16,10,23323.525390625,19321.852922439575,2.564453125
switch-32,16,32,true,false,1,64,1234,16,10,34010.17578125,26807.385683059692,3.068359375
switch-32,24,4,true,false,1,8,1234,16,10,16751.703125,13547.999143600464,1.404296875
switch-32,24,8,true,false,1,16,1234,16,10,19579.94921875,15397.356271743774,1.490234375
switch-32,24,16,true,false,1,32,1234,16,10,24653.453125,19494.96555328369,1.69140625
switch-32,24,32,true,false,1,64,1234,16,10,32093.87890625,26219.51150894165,2.21875
switch-32,28,4,true,false,1,8,1234,16,10,16371.734375,12994.705200195312,0.955078125
switch-32,28,8,true,false,1,16,1234,16,10,19116.763671875,14129.430294036865,1.0625
switch-32,28,16,true,false,1,32,1234,16,10,25262.837890625,19541.959285736084,1.263671875
switch-32,28,32,true,false,1,64,1234,16,10,32483.37109375,24726.544857025146,1.779296875
Switch,Offload Size,Batch Size,Is Predict,In Order,Top N,Schedule Size,Seed,Max New Tokens,Num Batches,Elapsed Time,Forward Computation Time,GPU Mem(GB)
switch-64,32,8,true,false,1,16,1234,16,10,22467.185546875,17137.747764587402,4.203125
switch-64,32,16,true,false,1,32,1234,16,10,23848.5234375,18035.12716293335,4.33203125
switch-64,32,32,true,false,1,64,1234,16,10,32628.3046875,28384.34147834778,4.8359375
switch-64,32,64,true,false,1,128,1234,16,10,39863.78125,34944.12565231323,5.9921875
switch-64,48,8,true,false,1,16,1234,16,10,20365.748046875,16730.515480041504,2.392578125
switch-64,48,16,true,false,1,32,1234,16,10,26424.51953125,22055.20224571228,2.57421875
switch-64,48,32,true,false,1,64,1234,16,10,34171.3671875,29899.377822875977,3.115234375
switch-64,48,64,true,false,1,128,1234,16,10,43383.08984375,38403.99670600891,4.125
Switch,Offload Size,Batch Size,Is Predict,In Order,Top N,Schedule Size,Seed,Max New Tokens,Num Batches,Elapsed Time,Forward Computation Time,GPU Mem(GB)
switch-128,64,16,true,false,1,32,1234,16,10,27581.384765625,21091.612339019775,8.111328125
switch-128,64,32,true,false,1,64,1234,16,10,38997.1640625,32092.74387359619,8.52734375
switch-128,64,64,true,false,1,128,1234,16,10,52434.08203125,43257.28249549866,9.814453125
switch-128,64,128,true,false,1,256,1234,16,10,74041.8515625,57642.58074760437,23.0
switch-128,96,16,true,false,1,32,1234,16,10,29484.5390625,22482.60188102722,4.35546875
switch-128,96,32,true,false,1,64,1234,16,10,40126.50390625,33305.58776855469,4.86328125
switch-128,96,64,true,false,1,128,1234,16,10,56322.36328125,48227.415323257446,6.009765625
switch-128,96,128,true,false,1,256,1234,16,10,78401.9765625,63392.70997047424,22.923828125
switch-128,112,16,true,false,1,32,1234,16,10,30813.56640625,24575.361967086792,2.625
switch-128,112,32,true,false,1,64,1234,16,10,43359.75,35762.81261444092,3.11328125
switch-128,112,64,true,false,1,128,1234,16,10,70644.1171875,59353.431224823,4.130859375
switch-128,112,128,true,false,1,256,1234,16,10,90042.25,72147.4359035492,23.001953125


Switch,Offload Size,Batch Size,Is Predict,In Order,Top N,Schedule Size,Seed,Max New Tokens,Num Batches,Elapsed Time,Forward Computation Time,GPU Mem(GB)
switch-32,30,2,true,false,1,4,1234,16,10,14247.1357421875,10778.596639633179,0.716796875
switch-32,30,4,true,false,1,8,1234,16,10,15516.0224609375,12720.706701278687,0.744140625
switch-32,30,8,true,false,1,16,1234,16,10,18005.7265625,14847.011804580688,0.826171875
switch-32,28,2,true,false,1,4,1234,16,10,15320.5029296875,11162.382125854492,0.931640625
switch-32,28,4,true,false,1,8,1234,16,10,16150.806640625,12252.172708511353,0.955078125
switch-32,28,8,true,false,1,16,1234,16,10,19007.759765625,15285.999298095703,1.0625
switch-32,24,2,true,false,1,4,1234,16,10,12659.9697265625,10419.214963912964,1.380859375
switch-32,24,4,true,false,1,8,1234,16,10,15955.5205078125,12090.285539627075,1.404296875
switch-32,24,8,true,false,1,16,1234,16,10,20380.03515625,15828.157663345337,1.490234375
switch-32,16,2,true,false,1,4,1234,16,10,14758.17578125,10306.844234466553,2.259765625
switch-32,16,4,true,false,1,8,1234,16,10,16884.380859375,13364.609479904175,2.287109375
switch-32,16,8,true,false,1,16,1234,16,10,18924.65234375,14337.507486343384,2.369140625
Switch,Offload Size,Batch Size,Is Predict,In Order,Top N,Schedule Size,Seed,Max New Tokens,Num Batches,Elapsed Time,Forward Computation Time,GPU Mem(GB)
switch-64,62,2,true,false,1,4,1234,16,10,15110.2275390625,11749.446630477905,0.71875
switch-64,62,4,true,false,1,8,1234,16,10,17406.404296875,13684.377670288086,0.744140625
switch-64,62,8,true,false,1,16,1234,16,10,21047.345703125,16884.88531112671,0.84375
switch-64,60,2,true,false,1,4,1234,16,10,15484.66015625,12125.060319900513,0.93359375
switch-64,60,4,true,false,1,8,1234,16,10,17001.603515625,13735.068082809448,0.98046875
switch-64,60,8,true,false,1,16,1234,16,10,23558.708984375,18960.492372512817,1.064453125
switch-64,56,2,true,false,1,4,1234,16,10,15639.025390625,11064.252138137817,1.3828125
switch-64,56,4,true,false,1,8,1234,16,10,16479.39453125,14156.359195709229,1.41015625
switch-64,56,8,true,false,1,16,1234,16,10,21233.37890625,16572.31044769287,1.4921875
switch-64,48,2,true,false,1,4,1234,16,10,14443.6201171875,11272.874355316162,2.26171875
switch-64,48,4,true,false,1,8,1234,16,10,16794.666015625,12850.239515304565,2.2890625
switch-64,48,8,true,false,1,16,1234,16,10,19938.39453125,16742.39230155945,2.392578125
Switch,Offload Size,Batch Size,Is Predict,In Order,Top N,Schedule Size,Seed,Max New Tokens,Num Batches,Elapsed Time,Forward Computation Time,GPU Mem(GB)
Switch,Offload Size,Batch Size,Is Predict,In Order,Top N,Schedule Size,Seed,Max New Tokens,Num Batches,Elapsed Time,Forward Computation Time,GPU Mem(GB)
switch-128,126,2,true,false,1,4,1234,16,10,15573.9453125,11495.707273483276,0.720703125
switch-128,126,4,true,false,1,8,1234,16,10,18182.84765625,14299.821615219116,0.767578125
switch-128,126,8,true,false,1,16,1234,16,10,25451.63671875,20398.314476013184,0.85546875
switch-128,124,2,true,false,1,4,1234,16,10,14015.8642578125,11391.12639427185,0.955078125
switch-128,124,4,true,false,1,8,1234,16,10,23180.541015625,17804.701805114746,0.984375
switch-128,124,8,true,false,1,16,1234,16,10,25163.65234375,20235.114812850952,1.080078125
switch-128,120,2,true,false,1,4,1234,16,10,15474.35546875,12253.807067871094,1.384765625
switch-128,120,4,true,false,1,8,1234,16,10,19090.908203125,14998.517036437988,1.4140625
switch-128,120,8,true,false,1,16,1234,16,10,27506.388671875,21712.03923225403,1.517578125
switch-128,112,2,true,false,1,4,1234,16,10,15746.5673828125,12337.510108947754,2.263671875
switch-128,112,4,true,false,1,8,1234,16,10,18852.419921875,13296.457767486572,2.310546875
switch-128,112,8,true,false,1,16,1234,16,10,24684.91015625,18891.685009002686,2.400390625
Switch,Offload Size,Batch Size,Is Predict,In Order,Top N,Schedule Size,Seed,Max New Tokens,Num Batches,Elapsed Time,Forward Computation Time,GPU Mem(GB)
